3.256863759683145 1.0334821755902743 0
1.2844152873982986 -0.5096021560670759 0
4.4462095063358 0.5499036961888613 0
2.344149911984653 -0.21990902534568468 0
1.6592297225156638 0.5663224482595888 1
5.962873382446275 0.8894952395139784 0
0.2646948524608415 0.7932451824738691 0
2.33620048042644 -0.7939179461552841 0
2.0791416933743285 -0.11588568804620503 0
1.6230634993051005 -0.7347548593978885 0
6.072956770225507 0.5474655175679934 0
4.966210852804436 -0.8725121370346798 -1
5.210293410475084 0.08385247989357181 0
0.10907647484460016 -0.1384037439402087 0
5.216073226277098 0.41540303847206217 0
0.760386796849668 -0.9809131242527311 0
1.5137107477831375 -0.37343761165551226 0
0.10994669869367261 -0.8922276528215725 0
5.953942549730228 0.32945229108745 0
1.8683836403612373 -0.5817903705833688 0
5.543099151249634 0.27517023326737755 0
0.43371696031608675 0.6598298728911152 0
2.5880840128704197 -0.01655573467978 0
1.6652023742034932 0.12478511540200588 1
5.0762231310402885 0.9810640488381785 0
4.948377526444643 -1.030833792644921 0
4.651657765694299 -0.29777640084735413 -1
4.903859949627453 -0.5314815254517351 -1
5.605262603880949 0.08099425092022772 0
1.8148564022040423 -1.0308164535499786 0
5.24580458248997 -0.022847234536612637 -1
1.8202502430339387 0.2543983244429966 1
6.111691214561633 0.6084518494826534 0
2.9888562159517305 -0.9086332831819194 0
6.281888909941897 -0.05480058895761852 0
3.481606213921782 -0.16476574334115957 -1
6.232525705746043 -0.5581499637144198 0
5.07401503071838 -0.027751124650382986 -1
5.179667809487804 0.2237526056262953 0
5.025903534424727 -0.13155914642834765 -1
3.922549789573638 -0.6490513058937248 -1
4.070586558903009 0.08550117118521383 0
3.9934223770335624 -0.11879491944135268 -1
4.407673105887521 -0.5960109330837393 -1
0.4446710350696196 -0.7582692209375099 0
2.629631610776648 0.4776054605643034 1
2.9784778633432616 -1.0146246352424066 0
2.6792583678447164 0.10643343737947286 1
0.37639684447512917 -0.7809949097796638 0
5.9702977332997875 -0.7096782448516834 0
2.4822153486586873 0.16040757481146928 1
2.6445385317134344 0.6574958020469552 0
4.460494645677787 -0.14490329431308924 -1
1.072760827058878 -0.7729723595339264 0
4.620030416124646 -0.7653734715757845 -1
4.704557643832874 -0.43972199724730765 -1
4.312149882422119 0.3976840809368407 0
5.4886652199760455 0.4461804679826118 0
5.0534596897838915 0.9554430308042836 0
4.256652885989497 -0.6034814032597333 -1
3.327670172015701 -0.48873649095297267 0
6.231328890249041 -1.0064166392430722 0
4.01399275343529 0.9942729916287856 0
0.25354363273608915 -0.4029405782729104 0
2.369465405783277 -0.6861875897505173 0
2.719638845943732 -0.41518854198346955 0
3.356272485491665 -0.9332107071091258 0
0.7981604875335213 1.0326669964394977 0
3.1599298644851985 -0.5483924341537029 0
3.4614337545460816 -0.19857159289609494 -1
3.0503617744617246 -0.6941564535980895 0
3.7108369766981304 0.18744431793176708 0
0.6390257002861748 -0.7027508267691178 0
3.0672397348907707 -0.33502801556106265 0
2.081778154904078 0.38953227530148204 1
1.9431103309647637 -0.39469216087668535 0
5.904445998493568 -0.36790787605623854 -1
2.7655476282871776 -0.3428842430788436 0
6.223347809375887 0.5925744800338417 0
1.6452870837258375 -0.951116447595386 0
4.58580969874645 0.9258331253992664 0
5.988773665878616 -0.7542126813918806 0
2.8299752287385638 0.4076187873925967 0
3.1781409210555656 -0.03886765607611564 0
2.0111097448456317 -0.06919749267595554 0
0.351444457446775 -0.6507504977762948 0
1.7444854786266197 -0.5468356594324206 0
1.4411258910149611 0.15878166934807814 1
5.667174647878771 -0.9295448568987226 0
4.074173183433251 0.7793996004400481 0
1.926411309400665 0.38950215994312654 1
0.08726860232390847 0.6209221953962616 0
3.905483015609001 -0.8606490591546985 0
1.9020798804071501 0.6335327358585616 1
5.0503103635376965 0.3454480777042317 0
6.027232292503668 -0.516414039215333 0
0.6634103410707795 0.9963553462056172 0
2.2981333025792376 -0.8311323131861011 0
4.584200056123111 0.9629065015774165 0
0.22244691476158926 -0.6920330077305012 0
5.083494669657893 0.3945858078510547 0
5.104236896951868 0.35929178141638585 0
5.620703138175082 -0.2738339436552294 -1
2.017032034366381 1.0021883114486119 0
6.251096838504021 0.9612775216310772 0
4.912895998006794 -0.246080983812892 -1
3.669040105747842 0.5855061478024524 0
2.6402000672341726 0.33409887942893346 1
3.2829888490928734 0.0496045543633683 0
0.0493922132796782 0.17084571701764517 0
0.4569992106580355 0.9463297487166789 0
5.214371174292579 -0.6918273936769239 -1
4.817000136965419 -0.17866493471921174 -1
6.1034882672248445 1.0420024457406785 0
5.034417931572891 -0.6330176196950652 -1
4.227295683587053 0.09926425167350961 0
1.5790778213064918 0.4168784734230957 1
1.5134390397326862 0.8248813418599288 1
1.9485640901918577 0.5257304306868975 1
3.405892532169574 -0.6660348384510582 0
1.8358872858312318 0.9421990553737971 1
2.2489602300884255 -0.19799999639868093 0
3.6056928782113387 0.7633728556658361 0
1.6146882964512557 0.2371238002703857 1
3.8717639323280055 -0.566998878051786 -1
1.8517680311665177 0.8750180475192 1
5.939635830629631 0.6007615462799822 0
5.331068034701823 -0.3376243327113547 -1
6.1777075554464975 -0.17721920480391462 0
5.8155830411408305 -0.1826916149000365 -1
5.8831139326245285 0.5836542813828225 0
5.452511023114997 0.7319464840364562 0
5.698236793633107 -0.7803262052948876 0
6.087660546640993 -0.08925710504353612 -1
4.986235288133107 -0.255527864155667 -1
1.1375003273980744 -0.9375386470720044 0
2.1777776247311165 -0.5457162163995126 0
1.7873277481396093 0.6301690735958025 1
1.1156426180094527 -0.11533028217813046 0
6.2049724618128295 -0.5759595207127781 0
5.125938502894465 0.0325214487477401 0
1.5494515232714996 0.8041534899032883 1
1.1831017891518931 0.24202208159455574 1
2.0520213774647433 -0.8201158648303813 0
5.618408833521337 0.2262283115538004 0
4.044947085588054 0.44014416707269755 0
0.40765897463102874 0.7390612253363711 0
5.099987690355054 -0.3943215064996449 -1
1.8943722173297168 -0.3776936248176638 0
1.05114920463597 -0.7807219390653442 0
3.2495730042329813 -0.5534775901818879 0
1.533121065364346 -0.21683833738868874 0
5.593502546155235 -0.6728396954841436 0
5.3644986887683075 -0.19780018567068702 -1
2.232741540695438 -0.8731171792678334 0
4.2842774927590135 -0.054635244788217685 -1
4.149129316968486 0.0936856971019453 0
3.863749763076704 -0.8483749826734168 0
1.6426651448772565 0.9325654983671026 1
3.1039746357310127 -0.6163608769146247 0
3.6979509416459724 -0.73920024938376 0
2.4460913606912866 -0.8301272308691059 0
3.6001964652676133 0.1977804486823982 0
4.034271026028667 -0.829060217941199 0
2.099402257863437 -0.365885676587989 0
0.46054269791084934 0.031629665230836546 1
1.600173265126635 -0.20314623631005757 0
2.3174625382111085 -0.33129194008006113 0
4.97437189514063 -0.9380111452732638 -1
1.433640605809733 0.14427252751401554 1
0.7841415917541464 0.45833029564920724 1
2.6155234685599082 -0.6835438794842696 0
1.0164900476494585 0.45419511035092386 1
2.8981212347959264 -0.34854248893187223 0
0.38479802140556935 0.8564300461414607 0
4.071321368845876 0.11905122058809914 0
5.588525125466289 -0.6656700678563399 0
5.685249252685392 -0.7414910922314356 0
6.2434612858111525 -0.26426436802386166 0
0.2561251330925187 0.2879597899176516 0
5.804782055595834 -0.8916707749261594 0
2.160421317570566 0.16334843154905943 1
0.7648028009479709 -0.4627324369841067 0
5.708101423041858 0.712734657108655 0
2.2674791321129786 -0.2084594606638973 0
5.024326582140218 0.03493772441894749 0
5.5050527426177815 0.7403401909241831 0
0.10548499791332164 1.0280631611303301 0
4.198556279745903 0.41970849387966913 0
5.744708031852953 -0.5762273963880626 0
3.0233365226685014 0.8852799019611735 0
0.5800315254853747 -0.7589823755645391 0
3.7902100172305677 -0.7744031406387415 0
4.831129805164788 -0.15968140612827064 -1
4.744495725086599 0.5088299575307698 0
3.360922915199011 0.12330332423885504 0
0.486132881807468 -0.5540585271268247 0
4.071358435912917 -0.7726803077382234 -1
1.9509160349387897 -0.4505722991427761 0
1.358343807586051 0.4107091553980984 1
2.3291193466808373 -0.2840914730917026 0
5.978959040086031 0.05048495327417912 0
5.417906740547798 0.3013082293098519 0
4.942484571221405 -0.6328650937936535 -1
0.6262985633125756 0.10359687233628057 1
3.6147735124985996 0.8979405860006151 0
0.0022119282857222646 -0.5447405834043917 0
2.109185996745951 0.24689409366980164 1
2.512036926704822 -0.6712295735036418 0
2.566493161730018 -0.9799239358297512 0
1.6344790198510464 0.44094741970982687 1
4.624876861533464 -0.4256831705691174 -1
2.283504347793095 -0.9666167620183022 0
2.4472936572271733 0.674415807863493 0
2.7894622175836306 0.6487055723268182 0
4.573389027783314 0.9887380039775862 0
1.7920594039924334 -0.9208925024386481 0
4.705312990495237 0.9950071452989031 0
1.2744646142667835 -0.11583244699334516 0
5.495973973617093 0.18225273543770215 0
4.144330342335006 0.0034138455171601745 0
0.5672027208575919 -0.26049528005696976 0
3.1462218787371192 -0.504992673639464 0
0.9664148217578489 0.07331177263474808 1
4.152762346709615 0.08298697889820073 0
0.44175529675605374 -0.9823762843908708 0
4.048884856199945 -0.251477816883638 -1
0.3696654079506745 0.8100586407498704 0
6.040456867893711 0.6057230142927883 0
2.3822851424664475 1.0026592490430397 0
0.7167794654721237 0.5918647573713562 1
1.776661280935336 0.8867590011907986 1
0.6714114380569174 -0.2244623704412697 0
3.884748194820037 0.8609687460245048 0
1.8900833858001267 -0.7648502405058821 0
0.8678982372306695 0.8643225026240295 0
2.909303266763739 -0.043555420599799444 0
5.994266966626922 -0.3590500308639917 0
1.4621275180285704 0.3878218320752078 1
2.844800046112391 0.3607145788043047 0
5.736235344593466 -0.832674578750702 0
5.114008274691765 1.0049090360098856 0
3.537006900814765 -0.6464789569110929 0
4.277182062032891 0.038095319411856066 0
4.410878861760963 -0.4299399650646073 -1
5.626713602632259 -0.16836491914920615 -1
4.655205584808957 0.010702797341634707 0
0.9161233849372357 -0.9729619360929511 0
3.396287163326427 1.0418680977051402 0
5.922795067553044 -0.5959319551689995 0
2.403992923971426 -0.8296133516787946 0
5.6798013335065685 0.3973947453059028 0
4.106224991039168 -1.0100411762243473 0
2.2278992931506814 0.10227736798676745 1
1.523236289039564 0.32697496779036683 1
1.9611351187059793 -0.31922383354889206 0
4.455846458124304 -0.7607707592999045 -1
4.864782235549911 -0.6163566384611981 -1
3.9768548284054304 1.0314977115487551 0
0.594227275214013 0.805843341441814 0
1.13970087255593 -0.8955945667619087 0
2.7230956468411467 -0.04479388246113469 0
2.6573937424264478 0.6931209594480872 0
0.34952742083673055 -0.14785892377654342 0
1.8058405517097367 -0.7990733305772261 0
6.1622727785174085 0.3041066862484889 0
1.630948310375495 0.7375470788912573 1
5.294091748645613 -0.06536985560872155 -1
2.5700037287665993 0.30700832783603027 1
1.7088177909209328 -0.020667750483831515 0
5.488440845626043 0.09885572032581069 0
5.96384603449925 0.3588384572300318 0
0.6787038461306935 0.5940772712036184 1
4.098622049114641 0.1573733363225993 0
2.5372277555950666 -0.29706122973773186 0
3.6089054552362767 -0.4419883858645214 -1
1.5138466514214006 0.471735676894776 1
2.002043272756862 0.9404891667167155 0
0.681533117233136 -0.9745237797418953 0
1.5239635466522676 0.36487852007631694 1
0.04266988900535312 -0.7732365636041352 0
0.42699267748307607 0.23581635608786722 1
4.771019536268051 -0.9300436615397579 -1
0.22225102341979827 -0.9887168960060739 0
1.7037814857955815 0.6586920262211975 1
5.983194277717984 0.44144542676310516 0
3.7319559989413498 0.5367249708678998 0
3.086365103698534 -0.670463418809075 0
5.990170351533782 0.8569010531168655 0
2.7359441226382666 0.27869972848397007 1
1.2836849736505394 0.762226149576765 1
0.6491790307215138 0.20760644560334662 1
2.0314526067403356 0.9816075011561305 0
2.8243410593755236 0.056815373173631833 1
2.771950996969585 1.021556346597407 0
0.4386049551787647 -0.27161592433241966 0
6.223206805757355 0.07134970645815031 0
5.083151400808173 0.05619870230673896 0
0.9986281664477641 -0.3725460029875738 0
2.492589020474239 0.6386426364040063 0
2.328666858167108 0.307566060829193 1
0.7492693326584929 -0.07815085431870794 0
3.4516121015774 -0.7200667385566613 0
3.173838011463028 -0.6408121711460097 0
5.6096349803702905 -0.9635077670551455 0
4.029605088467906 0.5155253618108322 0
4.63050431755563 -0.44590255903858667 -1
0.12307226087153131 -0.650045725781401 0
1.1905075498021656 -0.20941782641566242 0
0.03444840903166007 -0.5032188926872546 0
1.3164709277716455 0.829324133507144 1
0.6518534576961221 0.6974134945721684 0
2.1403785639232833 0.609367044041845 1
3.3434321589126212 -1.0400726877572284 0
0.0005741498274794404 -0.9652681008921172 0
5.917738336297193 -0.7529719904600802 0
0.23092552152833645 0.6019634797073736 0
2.4441993768532044 -0.7784752919150539 0
5.614711938957493 0.6109506722968518 0
3.830279848961867 -0.9058811550265824 0
5.428639801686028 -0.7457950917261493 -1
3.165130831507402 -0.5668041530866572 0
3.951965262909788 0.7494860992427905 0
5.696667152018154 0.5288931855858918 0
5.102641598195034 0.3896345722406529 0
4.781059794840309 0.12101053555941643 0
4.095332661974894 0.7916236723463401 0
2.64989407573008 -0.3056779965930668 0
1.5879056357156665 -0.29152993445807984 0
2.3314752462998856 -0.326931409768734 0
0.14046276728896734 0.42095428632995624 0
2.864425230865846 0.5866453358016648 0
3.910492267044102 0.5130993373904262 0
3.3730738179864397 0.04017138018799127 0
0.6534915957110886 0.6428838802696206 0
2.7621532085209832 0.7536577823325712 0
1.8284847703538725 -0.026484707770754845 0
2.1628733898961086 -0.07060118458542353 0
6.034589750049078 0.34882337426782906 0
1.2830834528568738 0.06620000565492346 1
5.679469076825251 -0.07839684364403077 -1
2.0022106796550103 -1.0495755493144974 0
0.672081002687541 -0.1880673983482497 0
3.6819462066011557 0.15382357555541581 0
0.7029531169176657 0.9644528286567022 0
3.3172512761279034 0.12545081688525195 0
3.791540090073008 0.4222620520676168 0
0.313453239699552 -0.6682786031618777 0
4.356616490177597 -0.5275648564827956 -1
0.6150629355165744 -0.6145386973887703 0
6.168579670435676 -0.16374803437168783 0
5.480689857065875 -0.9964924363459231 0
1.3883422240774046 -0.4009558420003 0
1.5762325364608225 0.039308014532858815 1
1.8035822901086205 -0.21526738830272352 0
3.1605979639570734 -0.24980691457799953 0
3.0442947926231714 -0.13297630143619898 0
0.5259867536012202 0.4529053705972066 1
4.381012378572586 0.01994832114160472 0
2.6456775654574027 -0.38752037315170007 0
4.011619696572243 -0.9520420770358516 0
1.419381100479785 0.5266704010832166 1
6.010279560013672 -0.024024142350212774 -1
4.558899023934341 -0.9169802875046906 -1
1.7039839051858825 0.617029614868946 1
5.952575768203688 -0.367699346125713 0
3.05248684210892 -1.0382081074059129 0
0.7254117260232121 0.08378727475030945 1
1.7460581032767024 -0.4049858397883557 0
1.93875709781774 0.24556255610064004 1
1.8877010254806112 1.0196725930341455 0
0.4362800444528176 -0.7437374675700746 0
0.11480148426419982 -0.08073279338512429 0
5.598849579337986 0.7277520981208891 0
0.4449143818106073 -0.28592901997272036 0
5.004210900664078 0.21896856449301705 0
5.312265482560169 -0.38674555701679736 -1
2.298389919749836 -0.06334143931604619 0
1.8812701494131991 1.0354952911515476 0
3.1971559043638007 -0.3576790884171901 0
0.8375194440218218 -0.2124378029944224 0
1.0181099092817911 -0.7484994234627347 0
1.8594379651554271 0.9506950022040466 1
3.8142591205931757 0.5781048037120677 0
4.930719785790839 -0.26723059144706973 -1
4.308620084288174 0.011732350157596771 0
5.286140850015687 0.29968212403960326 0
5.701557628057949 -1.0457007208550277 0
4.357201587089893 -0.6338918113325356 -1
3.9704427963207096 0.19628987819404609 0
6.054765990437945 1.0155933565115818 0
1.3137088477073433 0.8151778795915556 1
1.7669535274351624 0.013705270440671935 1
4.038908871217883 0.11601432249421317 0
1.9966268613761948 -0.8798939835174597 0
2.0602785573109483 -0.5192161998094955 0
2.5987921280909423 -1.0336035079088395 0
0.005678415330613132 0.2011125435894896 0
1.8756192412750576 0.29141368854689054 1
3.27086607650197 0.6024999397824597 0
5.321396678248325 -0.43398342283625313 -1
4.174674801869478 0.6280269606346915 0
2.915255445991663 0.21389824995127427 1
5.117243045629541 -0.8957547059959926 -1
5.2675527297465345 0.5600348639592394 0
0.22671581159617915 -0.5030546683901399 0
5.920527723322702 -1.007828252062454 0
5.601183650743709 -0.5736903989605646 -1
1.9913417344193147 0.08691395396095114 1
4.491409988106167 -0.855933223202892 -1
3.300172995475028 0.5947532561499744 0
2.1128762086431867 -0.7926556284553382 0
5.211753261182612 -0.7343662018463517 -1
5.324920428772399 0.8690122710344221 0
1.5966666545435417 -0.9523423758572944 0
2.305696561836216 -0.7440909629646637 0
1.5579191813034325 -0.7042582906645577 0
4.337114753282047 1.023219086659908 0
3.630857002821309 -0.9597851206162342 0
2.6631803519975215 -0.00014497107389876973 0
1.2264001526032116 0.0207700715067336 1
0.5061276958452386 0.12683957444138416 1
2.0948924821430297 -0.626112300190533 0
2.8877435718024107 -0.34782560617710345 0
2.4447148224793147 0.002434762998508866 1
2.973218355628675 -0.4666410596560011 0
1.3453601487218683 0.797366187093532 1
1.2384989757115827 -0.12203709192117729 0
4.024511265262989 0.5495424108818097 0
1.106628752683948 0.537839392485018 1
0.18635244395738132 -0.7061808577319977 0
2.662633612216639 0.6991704175297104 0
0.9174341122771001 0.3252916485199435 1
1.660066118733859 0.8873007997880373 1
3.0692268248553964 0.7694721139998262 0
2.323818765259671 -0.07402375469086464 0
3.503781838906016 0.9667566227681015 0
5.567820409882738 -0.2335260173864504 -1
1.400759660914719 -0.5747283214189205 0
5.821773791429362 0.45366891447266533 0
2.6500306612159585 0.6458173828661493 0
4.2713862360687065 -0.3144759371715432 -1
4.293382152864605 -0.09002582343748367 -1
0.30787209635008655 0.4628730803916359 0
4.274278177696279 0.9618738272370149 0
3.258185905518083 0.38358594242009625 0
4.0517706582607405 -0.24734876203970113 -1
4.88646141537329 -0.683767930249468 -1
4.068629919319873 0.34795688291467 0
6.101733348347036 -0.804536892951334 0
4.05112462764718 0.5331277752373063 0
5.1570774436294915 0.13823083155763638 0
2.3384135552418295 -0.6322716263302633 0
5.577844326618934 0.5281030150723438 0
3.631573361710824 0.26420536012263374 0
0.7439194480333088 0.20763100725945294 1
4.064466154481703 -1.019611350696499 0
2.2065034852736423 -0.7824377508031828 0
6.034209778861502 -0.701517379674153 0
3.92452662769567 -0.7215081770048144 0
4.833134541637043 0.21755069947738948 0
3.705682313663331 -0.33514397934446083 -1
1.7496689763994104 -0.30197745626839456 0
1.3301098687818793 -0.03632468016792356 0
1.412466260391074 0.39128368836607064 1
0.38543689651203916 -0.8831280235467683 0
1.9839459969391398 0.5236403839062169 1
4.776213828237709 0.3676057794836587 0
5.380472934899539 -0.3721981713605046 -1
3.595915111340155 0.9984505728265451 0
3.281029492732853 0.9752696767789393 0
0.4728944765311721 -0.4259922632004908 0
0.35282058337700334 0.9950061645192678 0
0.9755831237151543 -0.6125681465928634 0
1.0689922322642056 0.18908976330220817 1
4.995729087464174 0.07370587938274231 0
1.5796791696843762 0.5292018527525852 1
4.782765724341978 -0.546150796015609 -1
5.36144317002818 -0.9974915910400528 0
0.01596325060049933 -0.7396691484040503 0
4.1431532279649 -0.941420710759167 0
6.2489798278148285 0.5423010378196258 0
3.520422797235921 -0.7057850895655742 0
3.921172361667551 0.31131736895521245 0
1.9819095006680554 -0.31184710169802765 0
5.221822636799047 -0.39725927381926174 -1
0.36624699167968544 0.7410943062907325 0
1.688389592651611 -0.7292203732921083 0
2.76981883974792 0.15937790997744128 1
6.224993810384496 0.40971516302462785 0
2.4272462422220498 -0.09905373125667938 0
4.52363294850724 -0.03896724889535852 -1
2.6050850096998475 0.9748076726181962 0
5.779089210567725 -0.4340443121234243 -1
1.2722559350125224 -0.6088438115722153 0
5.4418097535712135 -0.6196939324062666 -1
1.1011165074878104 0.7013337632946095 1
2.272092813073402 -0.3685861798556942 0
0.8683626000208524 0.5230336778210924 1
5.858066732694913 -0.6319832807013109 0
3.8562199690371917 -0.8283151231682611 0
3.146170769069728 -0.8903280112568207 0
1.5167839358933768 0.24997454535761054 1
4.636780549236671 0.7029480813792575 0
0.8537037430945076 -0.27284123290335094 0
4.105956233429232 -0.28476729673250456 -1
2.5052674231920387 0.6263764532515235 0
0.5428886937222184 -0.5635444298805612 0
0.6256575842703433 0.810722833594556 0
5.280698853969113 -0.5437879432933519 -1
4.916287051995405 0.23657989582183214 0
2.97019978330512 -0.8167198049710367 0
4.153763313118356 0.5346858120782279 0
1.6070176898427677 -0.348924894561606 0
5.113648596531936 0.14483153281398264 0
3.018140011510226 1.0194847097714999 0
0.018809700528573146 -0.7696892419684489 0
3.450758918854959 -0.31486257749096536 0
4.2062264648113645 -0.9591988844455702 0
2.4541000847550953 0.5534849655562089 1
5.021655637117987 0.6613317369055767 0
2.9490007054527205 0.6837326185608668 0
1.5367125195941125 0.44499125701918096 1
2.3864063275446186 0.6927505127896827 0
4.349036718786771 -0.05750792379247471 -1
5.958923595446092 -0.6830315493090126 0
0.23853822278028028 -0.5279692600582238 0
0.7670199272855115 0.720014739646643 0
2.5482708560729272 -0.9046746930452553 0
4.392140618449031 0.30909863837250673 0
3.9751591799311266 0.12048499692524417 0
0.44597360816524567 0.27765022633739767 1
4.25202758281066 0.8564315935435791 0
5.48922704263697 -0.4674922265447483 -1
0.4206245592966928 0.4639062900516968 0
3.15126967466227 0.19502949477366194 0
2.5532823410832504 -0.3646343448947018 0
5.74230770545181 -0.7202433350223141 0
3.530685262862578 0.756376561745211 0
1.43285930922864 0.22888064668606112 1
3.12240816278535 -0.026454070006132868 0
2.028821089088737 1.012242042316977 0
0.4997710271350758 0.49120238152848494 0
5.870793991619328 -0.7310576727488413 0
3.883739218425026 -0.30930378057206087 -1
4.3227842964397585 0.02474374313839456 0
3.8859419713591414 0.4057101155598506 0
0.7433496102345246 1.0378141535373338 0
2.5525562827418433 -0.2708394909548326 0
0.48907244385047904 -0.7538011330391021 0
2.058077954532114 0.750372724399438 1
0.6065813842690612 -0.23465585207699313 0
4.007571478978569 -0.27787472293499205 -1
3.5332248423586683 0.3662152065269042 0
0.7126944489143979 0.410526528971882 1
0.07707033139385372 0.9115498383005156 0
6.233960250285105 0.8506950023649804 0
2.6898850003217403 0.36924191720572885 1
3.310384952278176 0.9149625683363731 0
4.583089801821227 -0.2759436930858965 -1
3.4031727710492015 -0.6552625242268321 0
0.8451702951542549 -0.22324988726716755 0
4.927164876045429 0.4948072819479943 0
3.4821904883115105 0.38328100829753375 0
3.1122892425843514 -0.9665182702985461 0
2.605982872447196 -0.6733281138396987 0
5.17064103745816 -0.9077908271415286 0
1.7008198533777332 -0.37092885585314517 0
1.139245323729519 0.9259804713082902 0
1.733888724166458 0.8079518002420674 1
5.003850454796926 0.5979388351235426 0
6.079572534359168 -0.6003987447222228 0
4.20508372811338 -0.12848299223994497 -1
4.101965370053964 -0.8764057775798284 0
1.6066923721888735 0.5110668754083729 1
6.142283406412433 0.949774037080745 0
5.562905319496578 0.21189669160972158 0
1.6165487498961433 0.6223012002490798 1
3.0105708726047133 -0.3029995255425888 0
4.443784492976522 0.03353515036794974 0
3.8827075026480826 0.6317671337159665 0
3.576176109714459 1.002605195624813 0
2.9773914982756704 -0.05409768123919256 0
4.75349960581706 0.3529874666070305 0
5.092685279966953 -1.0354813590629712 0
1.17866836699489 -0.3426843974680799 0
0.2959762151678163 -0.9828102576725644 0
3.4284841268479043 -0.7301183304296255 0
4.211282022467994 -0.9889399408098212 0
3.8779692173046256 0.7851570577565159 0
5.9464315774300935 0.5610528591767874 0
5.580518292045547 0.8556963573436729 0
2.5115640992647728 -0.9653619291083153 0
2.4403614213112337 0.686280395964926 0
3.109205361708107 0.2733479416231428 0
5.114241371727766 -1.0029252516260136 0
2.0650397306834574 -0.8354147216912935 0
3.589520706914863 0.7806933230721307 0
6.070688314372419 -0.079975039900673 -1
1.1892825928525363 0.5995476377827189 1
0.019842826814532227 0.8967331263197018 0
0.03100744542660819 -0.05449235932815999 0
4.849477382357753 -0.6410377571036698 -1
0.315021952709961 0.5060926336786313 0
4.845068589595335 -0.7301592795890538 -1
0.03878635744792172 0.3908050000788088 0
5.1198470572895545 -0.7579099630061759 -1
0.7808179976985807 0.2016139029266788 1
0.955104296320509 0.060992471218169086 1
2.653647533724028 0.8007853502521729 0
4.512556685596085 -0.5400450329779026 -1
5.503948373017269 -0.45762443191479085 -1
5.704346427603994 -0.9868257043062485 0
3.2694007181576676 -0.5608642492406779 0
5.235466492245772 1.0233852385470812 0
1.4325868375283368 -0.5204966041261764 0
1.3242408522425313 -0.7452138763336751 0
0.29697794245798637 -0.32629471452696324 0
2.6645314435240874 0.44363382006779006 1
4.198229857622714 0.16916485633593292 0
5.791068691094301 -0.8808661065389344 0
3.796953725729637 0.07061694236358029 0
5.583604320550889 0.6071495849989696 0
4.348654112790986 -0.6219820412360022 -1
0.0840006626995755 -0.0020420710939108577 0
1.5448671458340362 -0.6659376515959786 0
0.1644303656348553 0.3089913613464892 0
3.3224281522400525 -0.8769803607487151 0
1.7540710869900853 -0.31878534259851543 0
3.1716425511986386 0.335430617682714 0
0.14162969988861784 0.8355202155942785 0
3.513919601292904 0.2608336916212892 0
2.2429191966501083 -0.6740153166429823 0
1.714550556793589 0.4569075735962589 1
2.23358539384692 -0.06028204033342088 0
0.7342329404304921 -0.39541931669334107 0
2.4363288746255707 0.9627620501300986 0
5.252573926314965 -0.2814936735839998 -1
5.878914582220951 0.3660764024250358 0
4.716823251377174 -0.186592617559746 -1
3.810445716450347 -0.8684243360966757 0
4.421028340146882 -0.5498377998729796 -1
1.2594332738393919 0.04711174094588633 1
2.906836968533549 0.14743823073352869 1
2.78195278933177 -0.25100686366722313 0
2.07886580084074 -0.15518499577294087 0
6.140637756481767 -0.3946700443254293 0
1.3369156012240175 0.02342408426754039 1
5.946431588667721 -0.4611951635401357 0
1.364223000814776 0.9542746096215275 1
2.2975689519738287 0.7372043753811495 1
4.9587367748543665 0.34121400302893856 0
1.884209680647936 0.5204899478866551 1
0.35447896815418056 -0.7787880061674557 0
5.214373356708912 1.038509487755033 0
5.930318266930293 -0.012105036520875245 -1
0.7982979921207137 -0.3093795558682887 0
1.368187706155168 -0.18554030129918941 0
0.7990512605567232 -0.8484968454971913 0
0.21404456896057475 0.3370396610521369 0
3.413385429952504 0.43690093112465944 0
3.15128491126188 0.5197871127759626 0
1.4520914303239796 0.3787947977097801 1
0.23413255324876783 0.33506259597993737 0
1.5308766084884415 0.7427324900069592 1
3.3777175449903796 -0.2966630719170338 0
4.6429292233407855 -0.24245212853189835 -1
6.043076114946023 -0.4068737618058055 0
4.793919903872626 0.11051684904393144 0
3.8304550854121455 -0.5873559460997149 -1
3.9906242367511022 -1.028884209225725 0
2.857395342237758 0.7207529603887823 0
2.042200370681886 0.26372411390768 1
2.863790372253694 0.06720765743595236 1
1.6788527837294764 -0.8824844982110386 0
5.810564547205962 -0.028924675494439445 -1
1.0309555645780972 0.6048379469742053 1
4.891439029196487 0.2755361242284935 0
4.21393711732617 0.9306482329168113 0
0.05465258842176936 0.9897550658839827 0
4.130039219047728 0.31090174235064816 0
3.52053024936265 -0.5565739588979657 0
0.9012024537421128 -0.6272076409164835 0
6.226478713953767 -0.8560190129990716 0
4.994880085478925 0.12587825301744582 0
0.5934562935175385 -0.5733994046674682 0
5.388210254253618 0.9595263537039387 0
5.430202150963886 0.4839644059133368 0
2.5636902195787505 -0.14070613892683137 0
1.7903949591933201 -0.33634803690242765 0
0.5439756811644662 1.0492277571057762 0
3.91342135617367 -0.18849098013090004 -1
5.94894508776321 0.959868658457889 0
2.6108706560715267 0.057092907813848015 1
1.5607593121272816 -0.538897382285271 0
5.148701872533713 0.2856367132120985 0
4.065309742145599 -0.7447917662186236 -1
3.0963849107712367 -0.2908891710868994 0
4.811206605212408 -0.38773206522138903 -1
4.4679266214517295 -0.30206520473545573 -1
0.9081905414721888 1.043240515161491 0
0.7967020203243969 0.1551037221268574 1
1.9547089150286445 -0.43154405050983435 0
2.2849231113905684 -0.20224695686407657 0
3.322987050054366 -0.014188469026013673 -1
3.8650085598903106 0.42968143860454755 0
3.0341321369573526 0.24538956766137243 0
2.7232919416093178 1.022573922628853 0
1.2778384250701889 0.8125052975880673 1
2.565659302135123 -0.9189709607704135 0
5.5352024990131765 0.3872839820652816 0
4.469373726893862 -0.1213338165718304 -1
1.135700819285747 -0.3513893868209259 0
5.372087117300848 0.6323882671893808 0
0.34040352906400434 0.9094321031320234 0
3.4086981144087374 -0.27017202352386493 0
4.281379576979748 -0.6595084844379214 -1
2.0441717358023417 -0.9601359230214647 0
2.3075442567193933 -0.6450635843574621 0
1.4863606669213674 -0.9154357966759809 0
2.709964444900395 -0.7444118497288617 0
0.9894980957199238 0.14807028156996171 1
0.5997289011529109 -0.2696738389669304 0
3.673148422492308 0.005711385990344819 0
5.848749810690113 -0.8122598142209194 0
5.4031631432727165 1.0421512356291058 0
5.578899430092668 0.16729171660388453 0
2.118854962457241 0.973390857473323 0
1.0776611639249454 0.8874021155005578 0
5.190078741396021 0.10821187267080079 0
4.620339452371852 0.44971275688625667 0
2.558308237682194 0.3952313206674045 1
2.8088951849972426 0.4551578394793445 0
2.8716048891862367 0.5716197800835705 0
3.9491781322213013 -0.1316812913098797 -1
2.510148684242445 0.39531616728281094 1
2.834096507618862 -0.029075460405683762 0
5.924863239890551 0.36238523443949755 0
4.335256328413181 0.5867545197326434 0
2.586459719023293 0.18026802111188878 1
5.49292921100051 0.46629952438648337 0
3.3896559987084265 -0.6370670839378154 0
2.4634118921322345 -0.5373562983792425 0
3.8747986751630057 -0.10026069198238041 -1
2.471890023691375 -0.21652437106460098 0
5.98212492758291 0.054605783962304866 0
6.2175024920421125 -0.06810899061172238 0
2.3927387686970474 -0.030172435169702805 0
2.7701008601990598 -0.2569501706323123 0
0.8971178927319395 0.8599343374304027 0
2.293879055336939 -0.38360405688664556 0
3.204987413837775 0.7799109872947538 0
3.471895685955809 -0.10393929896204712 -1
3.0489268622922063 -0.47317462501861185 0
5.6909072487332075 -0.05645548566072922 -1
1.1214144442827756 -1.0271505516157122 0
2.593408058915389 0.22368884458053184 1
0.2586435729066293 -0.08228303127876346 0
2.049970029072661 -0.6051852193303935 0
4.262822039673294 -0.5852031032392204 -1
0.6042467595544361 -0.8488750699250138 0
4.791373128259236 -0.1744907983478856 -1
4.048532140497956 -0.9223330701058547 0
4.990947144710357 -0.098189881283541 -1
1.230819417903753 0.17818902882196963 1
0.7879763640681335 0.3103516233024515 1
5.058058798891491 0.7959362827752923 0
0.8203412403933215 -0.4015295685793778 0
5.475304711768198 1.0220427350962942 0
2.5124329690382683 0.008279616782700172 1
3.5270430470435676 -0.9231729035525746 0
0.800363602694855 -0.8287226129509759 0
0.2008091869117193 -0.6045871498399935 0
2.286371708259095 -0.487615977559434 0
2.092784865215376 0.5632781780121481 1
2.8026567454764164 0.7764419834650502 0
3.9036796240926206 -1.0158860676489188 0
5.1008165894915 -0.1739615192757823 -1
0.1295196387839162 -0.6376048623577872 0
5.617747444297913 -0.8250989984592253 0
1.8946562585885944 0.048189441812154676 1
1.26773283313823 0.4763545125843369 1
1.7042387676818531 -0.8577278663277619 0
2.742929805820551 0.3737835204431832 1
5.395026383854697 -0.06889384940320475 -1
2.223998219640398 1.0181883078459257 0
0.7277613370365159 0.20631973724433283 1
3.8337637836556557 -0.8472760946618362 0
2.7493060065127115 0.704877802952367 0
6.018953321815522 0.9150246544397032 0
0.47328848578782484 0.3810353615003639 1
6.221102565357905 -1.0129212147990159 0
2.984878410440459 -0.08974100334609458 0
2.507209381179316 0.27891897381195596 1
1.9406872594386133 0.9301158720771228 1
3.3614492764054424 0.3101246258875925 0
4.681609291052475 0.8284547378698701 0
6.136119372020159 1.013770266029333 0
3.6317203674828997 -0.23009304295965027 -1
4.869542246542919 0.7884466659028784 0
0.6527352676190776 0.5089537419558166 1
4.9076587015328075 0.9577750796418483 0
0.41015297212985496 -0.15062308582824013 0
2.1637338956050955 -0.09339740326044144 0
5.553761385916379 -0.24048257186247135 -1
4.622143309119999 0.3723563531651568 0
1.5316758973174704 0.2824575405151124 1
3.0598436522893775 -0.40735835452766544 0
5.0953118387370235 0.4339253753486998 0
4.4705687002200225 -0.24259986055548588 -1
6.175736694490693 -0.39243917880325885 0
6.21533427617851 0.9386507965532438 0
4.967364843134227 0.6356457362090926 0
5.010745575525642 -0.07518692345233902 -1
0.12172756325516447 -0.3331373390522282 0
4.581333285012706 -0.1587816039962182 -1
0.9666828725788037 -1.0140213466581691 0
3.81093573014913 0.9758323876925485 0
1.1678922205381141 -0.43714670696284497 0
3.294803519459847 0.05888044846471474 0
3.583654430849378 -0.3068543942674925 -1
4.843186571527328 -0.0975961322485892 -1
5.92302333970357 1.0012268021051305 0
0.09694816192927322 0.9797718120019072 0
5.966223715117572 -0.06660144739910612 -1
2.5391824450942346 0.08061461749321741 1
2.4765417682147626 0.9595967716192348 0
4.792571764806486 0.7622720889808754 0
4.285932918203046 -0.4231579235892754 -1
0.7573802305445096 0.16728912998703604 1
4.491718952837959 -0.8832685811844329 -1
3.6870183345896788 0.36165340339044993 0
4.610412078775291 0.853348346040985 0
1.2559081174424935 0.8076509171404402 1
0.7911280530758774 0.8246940241500538 0
1.8490411474007615 -0.9902515695916083 0
0.7999133843115945 0.06322414318013814 1
5.496450604565968 -0.5589530064342434 -1
0.5170505414347901 0.8926375263381796 0
3.550357305133681 0.4284207407568754 0
2.5982454119966665 0.42880724477630294 1
0.9715556947489271 -0.12096149713612137 0
5.217647545117439 -0.21821438695275686 -1
4.0667293015252035 0.5021330514034383 0
2.4401583738114465 0.07950689281447021 1
2.781900530352701 0.538871630627884 0
4.824908548375812 -0.29984421473687584 -1
4.471555544646989 1.0263121565217979 0
5.6924628036858085 0.38628287128709093 0
0.5089588297787885 0.0875222686956112 1
3.9752904219987197 -0.7893211706924226 0
1.002221781108495 -0.35202798004981173 0
3.0245031441745294 0.9941572341714149 0
2.790566633151915 -0.8108491744028823 0
1.3452626435008561 -0.17043022208184677 0
3.763003476033673 0.8206056008677487 0
0.7413564734216465 0.7204222590826865 0
2.3637802455876855 0.8986411200906064 0
4.411995779135686 -0.19890490631817115 -1
6.248435310077346 -1.0078818016940903 0
1.4005949513818452 -0.6380918897270211 0
2.634750257069649 -1.0208538699566903 0
1.951294191471056 -0.8549143462436088 0
5.088875558826812 -0.3591004843175224 -1
4.946806830474431 -0.7622226793582503 -1
3.521341411969291 0.3528974606049906 0
2.461329753742081 -0.8350034812711943 0
4.677520090460209 0.6646243009892914 0
4.543609442726253 0.2614013549074319 0
2.858485463572181 -1.0324456655617418 0
2.0193417493877948 0.5889489139151636 1
3.724593705956806 1.0060035364779092 0
3.0727594868509667 -0.48800908268318455 0
5.1486951813442685 -0.8027103192019568 -1
5.02152845734486 0.8571911179569651 0
2.411304091349503 -0.6345290666768215 0
5.1594662905894815 0.9901591261005984 0
0.8110182215341453 -1.0331708649319373 0
0.6968164242862503 0.11463597293406336 1
3.6202693187055175 0.24018579936846907 0
3.9652492183235934 -0.7128174002975403 -1
4.866814565270511 0.26032080889556375 0
2.1969050567560235 -0.1333233962043957 0
3.150592474158964 0.05189777479589397 0
5.858442715423756 0.6560528004314035 0
0.7346235925026129 0.830847387769472 0
5.23412175223958 0.27811202382725764 0
4.689999069450713 -0.5514001691453114 -1
5.029432130198035 -0.1972404168892743 -1
2.4019510338842727 0.8704827511567776 0
4.7982067343045465 -0.8766428899091111 -1
1.7756359779161277 -0.649889649848814 0
0.8052833416022775 -0.6286281496368282 0
1.4808984006660304 0.3541433069555717 1
0.4855768866753744 -0.8850933562738286 0
1.0272159189684305 0.43758364353981105 1
2.9245467462392436 -0.598697884018096 0
1.6054937752412077 -0.37728712447365187 0
2.462690049561828 0.9788713051776654 0
1.0691279335890445 0.15247835636246587 1
0.6309769787944937 0.8010566437530058 0
0.632293720276113 0.40520269988353697 1
5.667792322802188 1.0251018115119408 0
4.252793274296047 0.3026671918549131 0
4.993787862886774 -0.11980386366199958 -1
5.910747128404463 -0.9086255455655738 0
2.283492540498217 0.13601023759137787 1
0.4477373952685643 0.39016368552316094 1
5.650261602881896 0.056802420947579924 0
3.464688246676142 -0.22739256511084682 -1
5.818115530074581 -0.0870823452233277 -1
2.4420055106301772 0.6833725807182782 0
4.379424938044044 -0.8029789922961534 -1
2.4625761550506007 1.0323323875372117 0
1.1798140969617774 0.12275022974119043 1
5.195619026754048 0.16672667765646976 0
4.885106305790832 1.0301784321201748 0
5.2004054532233255 -0.9260336508160623 0
1.5199296300713492 0.783919401682911 1
5.9377687817001625 0.9169623944365712 0
5.4168233909096095 0.4781685810932834 0
2.388868597870808 0.670904458260746 1
5.853765020849952 0.7130022371820082 0
0.6356137977976255 0.11181818288307199 1
3.5462324479759197 0.6026699273285387 0
0.8055650994534235 -0.7299562150979333 0
4.332067071073744 -0.1743385374738312 -1
0.7550008442413947 0.9871018826821276 0
3.7715975064942064 0.5882520960596036 0
5.804152964386489 0.33598807755260207 0
1.612040573201695 0.5365782079780395 1
2.5195578522801902 0.09313287031399664 1
4.202156372959252 -0.8698365479207286 -1
3.947341532772972 -0.5337631434420838 -1
6.1282282360299805 -0.5857318491767272 0
4.926896643510796 0.11555718493899558 0
5.935251680214451 0.9644889209778607 0
2.565118810797957 -0.9757520147648625 0
1.9772242788321497 0.8560085221221938 1
1.5511332726010743 0.7453621857163806 1
3.751562125268519 -0.9662662036735075 0
3.6769220617548832 -0.06094885236870451 -1
5.984465383841403 -0.41199001506301747 0
5.27029180386762 -0.14799040532033847 -1
4.907274757010768 -0.5884643013577893 -1
1.4327696539698054 -0.35318254632335655 0
4.442526952794209 0.2282738477024875 0
1.82008062618611 -0.005326700201496948 0
3.0985102363080124 -0.44246474175058914 0
0.5053977381597063 -0.8427262976946572 0
3.976200425199248 -0.8682371145951133 0
0.006787424456908819 -0.23182216845721537 0
0.07323684977981385 -0.5430500952889314 0
1.1666199610787638 -0.9221983881506783 0
4.415616521080434 0.3778234326839618 0
0.9256224689432271 0.7692667357834746 1
3.380805894698737 0.9389384291917342 0
0.36286626585219256 -0.30118024848132563 0
1.6552435116049011 0.8532374122261446 1
4.589816662845122 0.7056990817066335 0
3.265331589559189 0.5010098041747917 0
4.186097846588928 0.6337474288181406 0
5.0937169176826185 0.3568877689785728 0
5.215591288239016 -0.09998006556554295 -1
0.2984802347046085 -0.9581588088165829 0
5.316812688759406 -0.044997729770076766 -1
5.748185770343376 -0.8980992213044551 0
0.5053405484783496 -0.9048417269863656 0
4.032335998376255 0.3410830837597718 0
0.30196212321171706 0.4835144734759331 0
2.5334923408971 0.37679990605742986 1
2.037291899354572 -0.9924502730072389 0
2.8696927716202283 -0.3887616213800883 0
3.45418292301192 0.2513925275179911 0
1.117491590161901 0.5318935194525294 1
1.1211241494748398 -0.7551857533542243 0
4.44135304728239 -0.6268074632610909 -1
3.850701835282658 0.47804211749106407 0
2.209416597822681 -0.4672961003207794 0
5.505261776371544 -0.9917489017269995 0
5.342047519286486 -0.2755577799077177 -1
4.711243951883398 0.838539781280156 0
4.527838008100689 -0.8089057111405918 -1
1.1936775578296441 0.6925748899518125 1
5.895972344138457 0.8376172344576205 0
5.379150472599633 0.48961065718357477 0
4.672810829250744 1.0116836554141433 0
4.147942852120621 0.1297158503217397 0
1.6443949770799826 0.8080770920495657 1
0.7872547170660096 0.9011150176665734 0
5.6367306832721 1.01264033811944 0
4.4853615207346555 0.7009516251755634 0
4.569808661755594 0.1334828939231214 0
3.0956171855808328 -0.4741837554666727 0
1.0803931625496292 -0.08793836960526824 0
2.319190403581244 -0.411680195443907 0
0.4927876164483346 0.4077987434304564 1
0.6266484870267571 0.14721850339632048 1
5.197196979993067 0.17254790131683206 0
5.208274306709578 -0.7188651687389396 -1
