17.76978 0.8099261966376956 0.25612115180125267 10 1000 0.000474708 2 -3 3 1 2
18.217143000000007 0.8092481142113006 0.08092481142113006 100 1000 0.001136541 2 -3 3 1 2
18.019770299999976 0.8414607848024003 0.026609326416883825 1000 1000 0.008312791 2 -3 3 1 2
17.998020180000065 0.8295945213414463 0.008295945213414462 10000 1000 0.070812666 2 -3 3 1 2
17.998895061000482 0.8351624156504294 0.002641015449623611 100000 1000 0.548925625 2 -3 3 1 2
2.000332687224056 0.05089487422420102 0.0005089487422420102 10000 1000 0.072971041 3 0 3.141592653589793
0.4612786021768951 0.0023908437635975833 0.000007560511822577527 100000 1000 0.501122083 1 0 0.5
0.4612731375000062 0.005437449418353488 0.00001719472482395478 100000 1000 0.473058625 1 0 0.5
0.4612691549114251 0.0024077919749622956 0.0000076141067727559685 100000 1000 0.465482958 1 0 0.5
0.4612591620000003 0.005437091038858525 0.000017193591528483998 100000 1000 0.527476125 1 0 0.5
0.46126828197355124 0.0024136298822034622 0.000007632567856406844 100000 1000 0.516835916 1 0 0.5
0.46129255200000363 0.0054186357398265505 0.000017135230748643457 100000 1000 0.456629 1 0 0.5
0.4612827668503007 0.002417715952014911 0.000007645489143689478 100000 1000 0.496148791 1 0 0.5
